[null,300,300,300,330,270]
[null,300,300,300,300,300]
[null,300,330,300,300,300]
[null,330,300,300,270,330]
[null,300,330,300,330,300]
[null,330,300,300,300,330]
[null,330,330,270,300,300]
[null,270,330,300,300,300]
[null,300,330,300,330,330]
[null,330,300,270,300,300]
[null,330,300,300,300,330]
[null,270,300,270,300,330]
[null,300,270,300,270,300]
[null,330,330,300,330,330]
[null,100,110,100,100,100]
[null,100,90,100,100,110]
[null,100,100,90,100,100]
[null,100,100,110,90,90]
[null,100,100,100,100,100]
[null,100,100,90,90,100]
[null,100,100,100,110,100]
[null,100,90,110,100,100]
[null,100,90,90,100,110]
[null,100,110,90,90,110]
[null,100,90,100,100,110]
[null,100,90,110,100,90]
[null,100,100,100,100,100]
[null,100,110,110,100,110]
[null,100,90,110,110,100]
[null,100,110,110,110,90]
[null,100,100,90,110,100]
[null,100,100,90,100,110]
[null,100,110,90,100,90]
[null,100,110,100,110,100]
[null,100,100,100,100,100]
[null,100,100,100,100,90]
[null,100,90,100,90,100]
[null,100,100,90,110,100]
[null,100,110,110,90,100]
[null,100,100,110,110,100]
[null,100,100,99,99,110]
[null,100,100,108,99,110]
[null,100,100,108,90,110]
[null,100,100,108,90,99]
[null,100,90,118,99,108]
[null,100,81,118,90,108]
[null,100,99,118,90,108]
[null,100,99,118,90,118]
[null,100,99,107,90,107]
[null,100,99,117,90,97]
[null,100,90,97,90,107]
[null,100,99,97,99,117]
[null,100,99,97,99,107]
[null,100,99,88,90,107]
[null,100,99,80,90,107]
[null,100,99,88,90,97]
[null,100,99,80,81,88]
[null,100,108,88,90,97]
[null,100,108,80,90,97]
[null,100,118,80,81,106]
[null,100,129,88,89,96]
[null,100,129,88,89,116]
[null,100,117,96,81,105]
[null,100,129,96,97,105]
[null,100,129,80,89,127]
[null,100,141,80,97,127]
[null,100,141,88,97,139]
[null,100,141,80,106,127]
[null,100,141,80,96,115]
[null,100,141,80,106,139]
[null,100,141,88,106,139]
[null,100,155,88,116,126]
[null,100,127,88,106,126]
[null,100,115,88,96,114]
[null,100,115,88,116,114]
[null,100,127,88,106,138]
[null,100,127,88,116,114]
[null,100,127,88,127,114]
[null,100,127,80,139,125]
[null,100,127,72,152,137]
[null,100,127,88,152,137]
[null,100,127,88,152,137]
[null,100,127,88,152,137]
[null,100,127,88,137,137]
[null,100,115,88,150,137]
[null,100,126,88,135,137]
[null,100,126,80,135,137]
[null,100,138,80,148,150]
[null,100,151,88,148,165]
[null,100,136,88,148,181]
[null,100,136,80,148,165]
[null,100,136,80,148,181]
[null,100,136,88,162,199]
[null,100,136,80,162,180]
[null,100,136,88,178,218]
[null,100,136,88,195,218]
[null,100,136,80,178,239]
[null,100,149,88,195,262]
[null,100,149,88,195,288]
[null,100,163,96,214,260]
[null,100,163,87,214,260]
[null,100,147,79,193,260]
[null,100,179,95,235,286]
[null,100,162,104,235,286]
[null,100,146,94,258,258]
[null,100,146,103,233,258]
[null,100,160,94,258,258]
[null,100,160,94,258,283]
[null,100,160,103,233,311]
[null,100,160,103,233,311]
[null,100,144,103,210,311]
[null,100,144,113,233,280]
[null,100,144,102,256,308]
[null,100,130,92,231,308]
[null,100,144,102,231,308]
[null,100,144,92,256,338]
[null,100,158,92,256,305]
[null,100,158,83,231,305]
[null,100,158,92,256,335]
[null,100,173,92,256,368]
[null,100,156,101,231,368]
[null,100,173,92,256,332]
[null,100,173,101,281,299]
[null,100,173,101,256,332]
[null,100,190,101,256,365]
[null,100,209,101,256,401]
[null,100,209,111,256,329]
[null,100,190,101,256,401]
[null,100,209,101,256,441]
[null,100,209,91,281,401]
[null,100,209,91,309,361]
[null,100,189,91,309,441]
[null,100,207,91,279,397]
[null,100,207,91,339,485]
[null,100,187,91,372,485]
[null,100,205,91,372,485]
[null,100,225,91,372,485]
[null,100,205,100,409,437]
[null,100,185,110,409,394]
[null,100,203,110,409,355]
[null,100,185,99,369,433]
[null,100,185,110,409,355]
[null,100,203,110,369,433]
[null,100,203,110,409,355]
[null,100,185,99,409,394]
[null,100,203,121,449,394]
[null,100,203,121,409,355]
[null,100,167,99,449,433]
[null,100,183,99,449,433]
[null,100,183,99,405,433]
[null,100,165,90,365,433]
[null,100,165,81,401,476]
[null,100,165,81,401,476]
[null,100,181,73,401,523]
[null,100,181,80,441,523]
[null,100,181,80,441,523]
[null,100,199,80,441,575]
[null,100,199,72,397,523]
[null,100,218,72,397,523]
[null,100,239,79,397,523]
[null,100,197,72,436,471]
[null,100,197,72,436,471]
[null,100,197,72,436,518]
[null,100,197,72,393,518]
[null,100,216,72,436,518]
[null,100,237,79,479,518]
[null,100,260,72,479,569]
[null,100,260,79,479,518]
[null,100,260,79,479,518]
[null,100,214,79,526,569]
[null,100,193,79,578,569]
[null,100,214,86,578,625]
[null,100,235,86,578,687]
[null,100,235,94,578,687]
[null,100,214,86,578,625]
[null,100,193,94,578,625]
[null,100,214,78,578,687]
[null,100,235,86,521,687]
[null,100,235,78,521,687]
[null,100,258,86,573,619]
[null,100,258,94,573,619]
[null,100,258,86,573,680]
[null,100,258,86,573,619]
[null,100,283,94,630,558]
[null,100,258,86,516,619]
[null,100,258,94,465,619]
[null,100,258,94,465,680]
[null,100,258,103,419,612]
[null,100,258,94,419,748]
[null,100,233,94,419,680]
[null,100,283,103,465,680]
[null,100,283,113,419,748]
[null,100,283,93,465,680]
[null,100,283,103,511,748]
[null,100,283,103,511,822]
[null,100,283,103,562,748]
[null,100,311,113,618,822]
[null,100,311,103,618,822]
[null,100,311,103,618,748]
[null,100,280,113,557,748]
[null,100,280,113,502,822]
[null,100,308,113,502,748]
[null,100,308,113,557,674]
[null,100,252,102,557,748]
[null,100,308,124,612,748]
[null,100,278,136,551,748]
[null,100,305,123,496,748]
[null,100,278,123,551,748]
[null,100,305,135,551,748]
[null,100,335,135,551,748]
[null,100,335,148,551,748]
[null,100,335,148,551,674]
[null,100,302,162,551,674]
[null,100,335,134,496,607]
[null,100,335,162,606,607]
[null,100,335,148,551,607]
[null,100,335,134,551,667]
[null,100,335,147,606,667]
[null,100,368,134,496,667]
[null,100,404,134,496,601]
[null,100,368,134,496,733]
[null,100,404,134,545,733]
[null,100,368,134,496,733]
[null,100,404,134,496,806]
[null,100,404,147,496,806]
[null,100,332,121,496,806]
[null,100,332,133,545,806]
[null,100,332,133,496,886]
[null,100,365,121,447,806]
[null,100,299,133,496,806]
[null,100,270,146,496,806]
[null,100,299,133,496,726]
[null,100,299,146,545,726]
[null,100,328,146,496,654]
[null,100,360,132,496,719]
[null,100,360,146,447,654]
[null,100,296,132,496,654]
[null,100,328,132,545,719]
[null,100,360,160,496,654]
[null,100,360,160,447,654]
[null,100,328,160,496,719]
[null,100,360,146,447,654]
[null,100,296,146,447,654]
[null,100,325,160,403,719]
[null,100,296,160,491,654]
[null,100,325,176,540,654]
[null,100,325,144,442,589]
[null,100,267,160,540,589]
[null,100,296,176,491,654]
[null,100,296,144,442,654]
[null,100,325,144,491,654]
[null,100,267,160,540,719]
[null,100,296,160,540,719]
[null,100,296,144,442,654]
[null,100,296,144,540,589]
[null,100,296,160,540,589]
[null,100,296,160,491,654]
[null,100,267,160,540,654]
[null,100,296,160,491,719]
[null,100,267,176,491,654]
[null,100,325,144,491,654]
[null,100,296,176,442,654]
[null,100,296,144,442,654]
[null,100,325,144,540,719]
[null,100,296,144,540,719]
[null,100,325,160,540,719]
[null,100,267,144,491,654]
[null,100,296,160,442,719]
[null,100,296,160,540,654]
[null,100,296,160,491,654]
[null,100,325,160,540,719]
[null,100,325,144,491,654]
[null,100,325,160,491,654]
[null,100,296,144,540,654]
[null,100,325,176,540,654]
[null,100,296,144,540,719]
[null,100,296,176,442,654]
[null,100,325,160,540,719]
[null,100,296,144,540,719]
[null,100,296,160,491,719]
[null,100,296,160,491,654]
[null,100,296,176,491,719]
[null,100,296,160,491,654]
[null,100,267,176,442,654]
[null,100,241,193,486,719]
[null,100,267,193,398,654]
[null,100,267,176,486,654]
[null,100,293,193,486,654]
[null,100,267,159,442,654]
[null,100,267,193,486,589]
[null,100,267,176,398,589]
[null,100,293,176,486,654]
[null,100,293,176,442,654]
[null,100,241,193,442,654]
[null,100,267,193,442,589]
[null,100,267,193,442,647]
[null,100,293,212,442,589]
[null,100,322,212,398,589]
[null,100,293,212,398,589]
[null,100,293,191,486,589]
[null,100,322,212,442,531]
[null,100,293,212,486,589]
[null,100,322,212,442,531]
[null,100,293,212,442,531]
[null,100,293,233,442,589]
[null,100,264,233,442,647]
[null,100,293,191,486,589]
[null,100,322,212,398,531]
[null,100,293,212,442,531]
[null,100,293,212,442,589]
[null,100,293,212,442,589]
[null,100,293,212,442,531]
[null,100,264,212,442,647]
[null,100,293,212,442,589]
[null,100,264,233,442,589]
[null,100,322,212,486,589]
[null,100,264,233,486,589]
[null,100,293,212,442,647]
[null,100,293,233,442,589]
[null,100,293,233,442,531]
[null,100,322,212,398,531]
[null,100,264,212,442,647]
[null,100,293,212,442,589]
[null,100,293,212,442,531]
[null,100,322,233,398,589]
[null,100,293,233,442,531]
[null,100,293,191,442,647]
[null,100,322,233,398,647]
[null,100,293,233,398,647]
[null,100,322,212,486,589]
[null,100,322,212,442,647]
[null,100,293,212,442,647]
[null,100,293,212,398,589]
[null,100,322,233,442,589]
[null,100,322,212,442,531]
[null,100,264,212,486,531]
[null,100,322,233,486,647]
[null,100,293,233,486,647]
[null,100,293,212,486,647]
[null,100,322,212,442,589]
[null,100,322,212,398,531]
[null,100,293,233,442,589]
[null,100,293,212,442,531]
[null,100,293,212,486,589]
[null,100,293,212,398,589]
[null,100,322,191,486,647]
[null,100,264,191,486,647]
[null,100,264,212,442,589]
[null,100,322,212,442,589]
[null,100,264,212,442,589]
[null,100,293,233,398,647]
[null,100,264,191,398,589]
[null,100,293,191,398,589]
[null,100,264,233,398,589]
[null,100,293,212,398,589]
[null,100,264,212,486,531]
[null,100,322,233,486,589]
[null,100,264,212,398,531]
[null,100,264,212,442,589]
[null,100,293,212,442,531]
[null,100,322,212,442,478]
[null,100,322,191,398,478]
[null,100,264,191,442,584]
[null,100,293,212,486,531]
[null,100,293,212,442,478]
[null,100,264,212,442,584]
[null,100,290,212,442,584]
[null,100,238,212,442,584]
[null,100,264,212,486,584]
[null,100,238,212,442,642]
[null,100,264,233,442,584]
[null,100,264,233,398,584]
[null,100,290,210,398,526]
[null,100,264,256,437,584]
[null,100,264,210,398,526]
[null,100,264,256,398,642]
[null,100,290,233,398,526]
[null,100,264,256,398,584]
[null,100,264,233,437,584]
[null,100,264,256,359,642]
[null,100,238,233,398,584]
[null,100,264,210,359,642]
[null,100,290,233,437,526]
[null,100,290,256,359,642]
[null,100,238,233,437,584]
[null,100,238,256,437,584]
[null,100,264,233,359,584]
[null,100,264,210,437,526]
[null,100,264,233,398,584]
[null,100,264,233,359,584]
[null,100,264,233,437,584]
[null,100,264,233,398,584]
[null,100,264,256,398,526]
[null,100,264,256,359,526]
[null,100,238,233,437,584]
[null,100,238,256,398,642]
[null,100,264,256,437,584]
[null,100,290,233,359,642]
[null,100,238,233,398,584]
[null,100,264,233,398,526]
[null,100,264,210,398,642]
[null,100,290,233,398,584]
[null,100,264,233,398,642]
[null,100,290,256,398,642]
[null,100,264,233,437,642]
[null,100,264,256,398,642]
[null,100,238,233,437,584]
[null,100,290,256,437,526]
[null,100,238,256,398,584]
[null,100,264,210,398,584]
[null,100,264,233,398,584]
[null,100,238,256,398,526]
[null,100,238,256,359,642]
[null,100,264,256,437,642]
[null,100,238,233,359,584]
[null,100,290,256,437,642]
[null,100,290,256,437,642]
[null,100,319,231,394,706]
[null,100,319,281,437,706]
[null,100,319,256,480,642]
[null,100,261,256,437,706]
[null,100,290,256,437,642]
[null,100,290,231,480,706]
[null,100,261,231,394,642]
[null,100,235,208,355,578]
[null,100,261,231,394,706]
[null,100,261,231,433,578]
[null,100,235,231,355,642]
[null,100,261,254,433,706]
[null,100,287,208,433,642]
[null,100,261,254,394,706]
[null,100,261,231,355,706]
[null,100,261,254,355,642]
[null,100,261,229,320,642]
[null,100,261,279,355,578]
[null,100,287,229,355,706]
[null,100,235,254,320,642]
[null,100,235,254,355,578]
[null,100,212,254,320,635]
[null,100,235,254,390,521]
[null,100,235,279,351,521]
[null,100,235,229,390,521]
[null,100,212,279,351,521]
[null,100,235,254,390,521]
[null,100,235,229,390,469]
[null,100,258,279,351,469]
[null,100,235,279,390,521]
[null,100,235,229,390,573]
[null,100,235,279,390,521]
[null,100,235,254,390,573]
[null,100,235,279,429,521]
[null,100,258,254,351,521]
[null,100,258,254,390,521]
[null,100,258,229,429,521]
[null,100,212,254,390,573]
[null,100,235,254,429,521]
[null,100,235,254,390,521]
[null,100,235,279,351,573]
[null,100,258,279,390,469]
[null,100,235,254,351,469]
[null,100,258,254,351,573]
[null,100,235,254,351,521]
[null,100,235,254,351,521]
[null,100,235,254,390,573]
[null,100,235,254,429,521]
[null,100,235,279,390,573]
[null,100,258,254,429,521]
[null,100,235,254,429,521]
[null,100,235,279,390,469]
[null,100,235,254,429,521]
[null,100,235,254,429,521]
[null,100,235,254,390,573]
[null,100,258,254,390,573]
[null,100,235,279,429,469]
[null,100,235,279,390,573]
[null,100,212,254,390,573]
[null,100,258,254,390,573]
[null,100,258,254,390,573]
[null,100,258,254,351,469]
[null,100,258,229,429,521]
[null,100,235,229,390,573]
[null,100,258,254,390,521]
[null,100,212,254,390,469]
[null,100,235,279,390,521]
[null,100,235,279,390,573]
[null,100,258,279,429,469]
[null,100,212,254,429,573]
[null,100,235,279,429,521]
[null,100,235,229,351,521]
[null,100,235,279,390,521]
[null,100,235,279,429,521]
[null,100,258,279,429,573]
[null,100,235,254,429,521]
[null,100,235,254,429,573]
[null,100,235,254,390,469]
[null,100,258,229,390,469]
[null,100,235,279,390,573]
[null,100,258,254,429,469]
[null,100,258,254,390,521]
[null,100,235,279,351,469]
[null,100,258,254,429,573]
[null,100,235,279,351,469]
[null,100,235,254,390,573]
[null,100,258,229,390,573]
[null,100,235,279,429,521]
[null,100,258,254,390,469]
[null,100,235,254,390,521]
[null,100,258,254,351,469]
[null,100,258,279,429,469]
[null,100,235,279,390,469]
[null,100,258,254,390,521]
[null,100,235,279,390,521]
[null,100,235,229,429,521]
[null,100,212,254,351,573]
[null,100,235,254,429,521]
[null,100,235,254,351,521]
[null,100,258,254,386,521]
[null,100,235,229,386,573]
[null,100,235,279,351,521]
[null,100,258,279,351,573]
[null,100,212,254,386,573]
[null,100,235,254,351,469]
[null,100,235,254,316,469]
[null,100,235,254,386,423]
[null,100,258,254,351,423]
[null,100,258,254,351,515]
[null,100,235,229,351,469]
[null,100,258,254,316,469]
[null,100,258,254,285,469]
[null,100,283,279,347,515]
[null,100,258,229,316,469]
[null,100,258,229,285,423]
[null,100,258,251,316,515]
[null,100,233,251,316,469]
[null,100,258,251,316,469]
[null,100,258,229,347,469]
[null,100,258,251,347,469]
[null,100,283,207,347,469]
[null,100,258,229,347,515]
[null,100,233,251,316,469]
[null,100,258,251,285,469]
[null,100,258,207,347,469]
[null,100,233,251,347,469]
[null,100,258,207,347,515]
[null,100,258,251,316,423]
[null,100,283,207,316,515]
[null,100,258,229,316,515]
[null,100,258,207,316,423]
[null,100,283,251,316,469]
[null,100,283,207,285,423]
[null,100,233,251,285,469]
[null,100,233,251,316,515]
[null,100,233,229,316,469]
[null,100,233,251,347,423]
[null,100,283,207,347,423]
[null,100,258,229,316,469]
[null,100,258,251,347,469]
[null,100,283,226,347,469]
[null,100,233,251,381,515]
[null,100,233,276,343,515]
[null,100,256,251,381,566]
[null,100,233,276,343,515]
[null,100,233,276,381,515]
[null,100,256,226,381,566]
[null,100,233,276,419,515]
[null,100,256,226,381,515]
[null,100,233,226,343,464]
[null,100,256,276,343,515]
[null,100,210,251,419,566]
[null,100,256,251,381,566]
