[null,300,300,300,300,300][null,300,300,300,300,300]
[null,300,300,300,300,300][null,300,300,300,300,300]
[null,300,300,300,300,300][null,300,300,300,300,300]
[null,300,300,300,300,300][null,300,300,300,300,300]
[null,300,300,300,300,300][null,300,300,300,300,300]
[null,300,300,300,300,300][null,300,300,300,300,300]
[null,300,300,300,300,300][null,300,300,300,300,300]
[null,300,300,300,300,300][null,300,300,300,300,300]
[null,300,300,300,300,300][null,300,300,300,300,300]
[null,300,300,300,300,300][null,300,300,300,300,300]
[null,300,300,300,300,300][null,300,300,300,300,300]
[null,300,300,300,300,300][null,300,300,300,300,300]
[null,300,300,300,300,300][null,300,300,300,300,300]
[null,300,300,300,300,300][null,300,300,300,300,300]
[null,100,100,100,100,100][null,100,100,100,100,100]
[null,100,100,100,100,100][null,100,100,100,100,100]
[null,100,100,100,100,100][null,100,100,100,100,100]
[null,100,100,100,100,100][null,100,100,100,100,100]
[null,100,100,100,100,100][null,100,100,100,100,100]
[null,100,100,100,100,100][null,100,100,100,100,100]
[null,100,100,100,100,100][null,100,100,100,100,100]
[null,100,100,100,100,100][null,100,100,100,100,100]
[null,100,100,100,100,100][null,100,100,100,100,100]
[null,100,100,100,100,100][null,100,100,100,100,100]
[null,100,100,100,100,100][null,100,100,100,100,100]
[null,100,100,100,100,100][null,100,100,100,100,100]
[null,100,100,100,100,100][null,100,100,100,100,100]
[null,100,100,100,100,100][null,100,100,100,100,100]
[null,100,100,100,100,100][null,100,100,100,100,100]
[null,100,100,100,100,100][null,100,100,100,100,100]
[null,100,100,100,100,100][null,100,100,100,100,100]
[null,100,100,100,100,100][null,100,100,100,100,100]
[null,100,100,100,100,100][null,100,100,100,100,100]
[null,100,100,100,100,100][null,100,100,100,100,100]
[null,100,100,100,100,100][null,100,100,100,100,100]
[null,100,100,100,100,100][null,100,100,100,100,100]
[null,100,100,100,100,100][null,100,100,100,100,100]
[null,100,100,100,100,100][null,100,100,100,100,100]
[null,100,100,100,100,100][null,100,100,100,100,100]
[null,100,100,110,110,100][null,100,110,110,100,110]
[null,100,100,99,99,110][null,100,121,110,100,110]
[null,100,100,99,99,110][null,100,121,110,100,110]
[null,100,100,108,90,110][null,100,121,121,90,121]
[null,100,100,108,90,99][null,100,133,121,81,133]
[null,100,90,118,99,108][null,100,133,121,81,133]
[null,100,90,118,99,108][null,100,133,121,81,133]
[null,100,90,118,99,108][null,100,133,121,81,133]
[null,100,99,118,90,118][null,100,133,121,73,146]
[null,100,99,107,90,107][null,100,133,121,80,160]
[null,100,99,107,90,107][null,100,133,121,80,160]
[null,100,99,107,90,107][null,100,133,121,80,160]
[null,100,99,107,90,107][null,100,133,121,80,160]
[null,100,99,97,99,107][null,100,133,121,88,176]
[null,100,99,88,90,107][null,100,120,121,88,193]
[null,100,99,80,90,107][null,100,132,121,96,193]
[null,100,99,88,90,97][null,100,132,133,96,193]
[null,100,99,88,90,97][null,100,132,133,96,193]
[null,100,99,88,90,97][null,100,132,133,96,193]
[null,100,108,80,90,97][null,100,132,133,96,212]
[null,100,118,80,81,106][null,100,132,133,87,233]
[null,100,118,80,81,106][null,100,132,133,87,233]
[null,100,129,88,89,116][null,100,132,133,87,233]
[null,100,129,88,89,116][null,100,132,133,87,233]
[null,100,129,88,89,116][null,100,132,133,87,233]
[null,100,129,80,89,127][null,100,145,133,95,256]
[null,100,141,80,97,127][null,100,145,133,104,256]
[null,100,141,80,97,127][null,100,145,133,104,256]
[null,100,141,80,106,127][null,100,145,133,94,281]
[null,100,141,80,106,127][null,100,145,133,94,281]
[null,100,141,80,106,139][null,100,145,146,103,281]
[null,100,141,88,106,139][null,100,145,146,113,309]
[null,100,141,88,106,139][null,100,145,146,113,309]
[null,100,127,88,106,126][null,100,145,146,102,339]
[null,100,127,88,106,126][null,100,145,146,102,339]
[null,100,127,88,106,126][null,100,145,146,102,339]
[null,100,127,88,106,126][null,100,145,146,102,339]
[null,100,127,88,116,114][null,100,145,132,92,372]
[null,100,127,88,127,114][null,100,159,132,101,409]
[null,100,127,80,139,125][null,100,159,145,101,409]
[null,100,127,80,139,125][null,100,159,145,101,409]
[null,100,127,88,152,137][null,100,144,159,111,449]
[null,100,127,88,152,137][null,100,144,159,122,449]
[null,100,127,88,152,137][null,100,158,159,110,493]
[null,100,127,88,137,137][null,100,158,174,110,493]
[null,100,115,88,150,137][null,100,158,157,121,493]
[null,100,126,88,135,137][null,100,158,142,121,542]
[null,100,126,80,135,137][null,100,173,156,133,542]
[null,100,138,80,148,150][null,100,156,171,120,596]
[null,100,151,88,148,165][null,100,141,171,120,596]
[null,100,151,88,148,165][null,100,141,171,120,596]
[null,100,136,80,148,165][null,100,141,188,132,596]
[null,100,136,80,148,181][null,100,141,188,132,596]
[null,100,136,88,162,199][null,100,141,170,132,655]
[null,100,136,88,162,199][null,100,141,170,132,655]
[null,100,136,88,178,218][null,100,127,187,119,655]
[null,100,136,88,178,218][null,100,127,187,119,655]
[null,100,136,80,178,239][null,100,139,187,108,720]
[null,100,149,88,195,262][null,100,152,169,108,792]
[null,100,149,88,195,288][null,100,152,185,98,792]
[null,100,163,96,214,260][null,100,167,185,107,871]
[null,100,163,87,214,260][null,100,167,203,107,958]
[null,100,163,87,214,260][null,100,167,203,107,958]
[null,100,179,95,235,286][null,100,167,203,117,958]
[null,100,162,104,235,286][null,100,183,203,117,1053]
[null,100,146,94,258,258][null,100,183,203,128,1158]
[null,100,146,94,258,258][null,100,183,203,128,1158]
[null,100,160,94,258,258][null,100,183,203,140,1158]
[null,100,160,94,258,283][null,100,201,203,140,1158]
[null,100,160,103,233,311][null,100,201,223,140,1158]
[null,100,160,103,233,311][null,100,201,245,154,1273]
[null,100,160,103,233,311][null,100,201,245,154,1273]
[null,100,144,113,233,280][null,100,221,245,169,1273]
[null,100,144,102,256,308][null,100,243,245,169,1273]
[null,100,144,102,256,308][null,100,243,245,169,1273]
[null,100,144,102,256,308][null,100,243,245,169,1273]
[null,100,144,92,256,338][null,100,243,269,185,1146]
[null,100,158,92,256,305][null,100,243,269,203,1260]
[null,100,158,92,256,305][null,100,243,269,203,1260]
[null,100,158,92,256,335][null,100,243,269,203,1260]
[null,100,173,92,256,368][null,100,243,295,203,1260]
[null,100,173,92,256,368][null,100,243,295,203,1260]
[null,100,173,92,256,332][null,100,267,266,203,1386]
[null,100,173,92,256,332][null,100,267,266,203,1386]
[null,100,173,101,256,332][null,100,293,292,203,1524]
[null,100,190,101,256,365][null,100,293,292,203,1676]
[null,100,190,101,256,365][null,100,293,292,203,1676]
[null,100,190,101,256,365][null,100,293,292,203,1676]
[null,100,190,101,256,401][null,100,293,263,203,1843]
[null,100,190,101,256,401][null,100,293,263,203,1843]
[null,100,209,91,281,401][null,100,264,289,223,2027]
[null,100,209,91,281,401][null,100,264,289,223,2027]
[null,100,189,91,309,441][null,100,290,289,223,2027]
[null,100,189,91,309,441][null,100,290,289,223,2027]
[null,100,207,91,339,485][null,100,261,317,201,2027]
[null,100,187,91,372,485][null,100,287,317,181,2229]
[null,100,205,91,372,485][null,100,315,348,181,2229]
[null,100,205,91,372,485][null,100,315,348,181,2229]
[null,100,205,100,409,437][null,100,284,314,181,2451]
[null,100,185,110,409,394][null,100,256,314,199,2696]
[null,100,185,110,409,394][null,100,256,314,199,2696]
[null,100,185,110,409,394][null,100,256,314,199,2696]
[null,100,185,110,409,394][null,100,256,314,199,2696]
[null,100,185,110,409,394][null,100,256,314,199,2696]
[null,100,185,110,409,394][null,100,256,314,199,2696]
[null,100,185,110,409,394][null,100,256,314,199,2696]
[null,100,185,110,409,394][null,100,256,314,199,2696]
[null,100,185,110,409,394][null,100,256,314,199,2696]
[null,100,167,99,449,433][null,100,281,345,199,2427]
[null,100,167,99,449,433][null,100,281,345,199,2427]
[null,100,183,99,405,433][null,100,281,379,199,2427]
[null,100,165,90,365,433][null,100,281,416,218,2427]
[null,100,165,81,401,476][null,100,281,416,218,2427]
[null,100,165,81,401,476][null,100,281,416,218,2427]
[null,100,181,73,401,523][null,100,281,457,239,2427]
[null,100,181,80,441,523][null,100,281,502,216,2669]
[null,100,181,80,441,523][null,100,281,552,216,2669]
[null,100,181,80,441,523][null,100,281,552,216,2669]
[null,100,199,72,397,523][null,100,309,607,237,2669]
[null,100,218,72,397,523][null,100,309,607,237,2669]
[null,100,218,72,397,523][null,100,309,607,237,2669]
[null,100,197,72,436,471][null,100,339,667,260,2403]
[null,100,197,72,436,471][null,100,306,667,286,2403]
[null,100,197,72,436,471][null,100,306,667,286,2403]
[null,100,197,72,436,471][null,100,306,667,286,2403]
[null,100,216,72,436,518][null,100,306,733,314,2643]
[null,100,237,79,479,518][null,100,306,733,314,2643]
[null,100,237,79,479,518][null,100,306,733,314,2643]
[null,100,237,79,479,518][null,100,306,733,314,2643]
[null,100,237,79,479,518][null,100,306,733,314,2643]
[null,100,214,79,526,569][null,100,306,733,345,2643]
[null,100,214,79,526,569][null,100,306,733,345,2643]
[null,100,214,86,578,625][null,100,306,806,379,2907]
[null,100,214,86,578,625][null,100,306,806,379,2907]
[null,100,214,86,578,625][null,100,306,806,379,2907]
[null,100,214,86,578,625][null,100,306,806,379,2907]
[null,100,214,86,578,625][null,100,306,806,379,2907]
[null,100,214,86,578,625][null,100,306,806,379,2907]
[null,100,235,86,521,687][null,100,276,726,416,2617]
[null,100,235,86,521,687][null,100,276,726,416,2617]
[null,100,258,86,573,619][null,100,249,726,416,2617]
[null,100,258,86,573,619][null,100,249,726,416,2617]
[null,100,258,86,573,619][null,100,249,726,416,2617]
[null,100,258,86,573,619][null,100,249,726,416,2617]
[null,100,258,86,573,619][null,100,249,726,416,2617]
[null,100,258,86,516,619][null,100,273,726,457,2356]
[null,100,258,86,516,619][null,100,273,726,457,2356]
[null,100,258,94,465,680][null,100,300,726,502,2356]
[null,100,258,94,465,680][null,100,300,726,502,2356]
[null,100,258,94,465,680][null,100,300,726,502,2356]
[null,100,258,94,465,680][null,100,300,726,502,2356]
[null,100,283,103,465,680][null,100,330,654,552,2591]
[null,100,283,103,465,680][null,100,330,654,552,2591]
[null,100,283,103,465,680][null,100,330,654,552,2591]
[null,100,283,103,511,748][null,100,330,719,607,2591]
[null,100,283,103,511,748][null,100,330,719,607,2591]
[null,100,283,103,562,748][null,100,330,719,667,2591]
[null,100,283,103,562,748][null,100,330,719,667,2591]
[null,100,283,103,562,748][null,100,330,719,667,2591]
[null,100,311,103,618,748][null,100,330,790,733,2591]
[null,100,280,113,557,748][null,100,363,869,733,2591]
[null,100,280,113,557,748][null,100,363,869,733,2591]
[null,100,280,113,557,748][null,100,363,869,733,2591]
[null,100,280,113,557,748][null,100,363,869,733,2591]
[null,100,280,113,557,748][null,100,363,869,733,2591]
[null,100,308,124,612,748][null,100,399,955,660,2332]
[null,100,278,136,551,748][null,100,399,860,726,2565]
[null,100,278,136,551,748][null,100,399,860,726,2565]
[null,100,278,123,551,748][null,100,438,946,726,2565]
[null,100,305,135,551,748][null,100,438,946,726,2565]
[null,100,305,135,551,748][null,100,438,946,726,2565]
[null,100,335,148,551,748][null,100,438,946,726,2565]
[null,100,335,148,551,674][null,100,438,1040,726,2565]
[null,100,335,148,551,674][null,100,438,1040,726,2565]
[null,100,335,148,551,674][null,100,438,1040,726,2565]
[null,100,335,148,551,674][null,100,438,1040,726,2565]
[null,100,335,148,551,607][null,100,438,1040,726,2565]
[null,100,335,134,551,667][null,100,481,1040,726,2565]
[null,100,335,134,551,667][null,100,481,1040,726,2565]
[null,100,368,134,496,667][null,100,529,1040,798,2565]
[null,100,368,134,496,667][null,100,529,1040,798,2565]
[null,100,368,134,496,733][null,100,529,1144,877,2309]
[null,100,368,134,496,733][null,100,529,1144,877,2309]
[null,100,368,134,496,733][null,100,529,1030,877,2309]
[null,100,368,134,496,733][null,100,529,1030,877,2309]
[null,100,368,134,496,733][null,100,529,1030,877,2309]
[null,100,332,121,496,806][null,100,529,1030,964,2539]
[null,100,332,121,496,806][null,100,529,1030,964,2539]
[null,100,332,121,496,806][null,100,529,1030,964,2539]
[null,100,332,121,496,806][null,100,529,1030,964,2539]
[null,100,299,133,496,806][null,100,581,927,1060,2539]
[null,100,299,133,496,806][null,100,581,927,1060,2539]
[null,100,299,133,496,726][null,100,581,1019,1166,2539]
[null,100,299,133,496,726][null,100,581,1019,1166,2539]
[null,100,328,146,496,654][null,100,639,918,1282,2539]
[null,100,328,146,496,654][null,100,639,918,1282,2539]
[null,100,328,146,496,654][null,100,639,918,1282,2539]
[null,100,328,146,496,654][null,100,639,918,1282,2539]
[null,100,328,146,496,654][null,100,639,918,1282,2539]
[null,100,328,146,496,654][null,100,639,918,1282,2539]
[null,100,328,146,496,654][null,100,639,918,1282,2539]
[null,100,328,146,496,654][null,100,639,918,1282,2539]
[null,100,328,146,496,654][null,100,639,918,1282,2539]
[null,100,296,146,447,654][null,100,639,827,1282,2539]
[null,100,296,146,447,654][null,100,639,827,1282,2539]
[null,100,296,160,491,654][null,100,702,909,1282,2539]
[null,100,296,160,491,654][null,100,702,909,1282,2539]
[null,100,296,160,491,654][null,100,702,909,1282,2539]
[null,100,296,160,491,654][null,100,702,909,1282,2539]
[null,100,296,160,491,654][null,100,702,909,1282,2539]
[null,100,296,160,491,654][null,100,702,909,1282,2539]
[null,100,296,160,491,654][null,100,702,909,1282,2539]
[null,100,296,160,491,654][null,100,702,909,1282,2539]
[null,100,296,160,491,654][null,100,702,909,1282,2539]
[null,100,296,160,491,654][null,100,702,909,1282,2539]
[null,100,296,160,491,654][null,100,702,909,1282,2539]
[null,100,296,160,491,654][null,100,702,909,1282,2539]
[null,100,296,160,491,654][null,100,702,909,1282,2539]
[null,100,296,160,491,654][null,100,702,909,1282,2539]
[null,100,296,160,491,654][null,100,702,909,1282,2539]
[null,100,296,160,491,654][null,100,702,909,1282,2539]
[null,100,296,160,491,654][null,100,702,909,1282,2539]
[null,100,296,160,491,654][null,100,702,909,1282,2539]
[null,100,296,160,491,654][null,100,702,909,1282,2539]
[null,100,296,160,491,654][null,100,702,909,1282,2539]
[null,100,296,160,491,654][null,100,702,909,1282,2539]
[null,100,296,160,491,654][null,100,702,909,1282,2539]
[null,100,296,160,491,654][null,100,702,909,1282,2539]
[null,100,296,160,491,654][null,100,702,909,1282,2539]
[null,100,296,160,491,654][null,100,702,909,1282,2539]
[null,100,296,160,491,654][null,100,702,909,1282,2539]
[null,100,296,160,491,654][null,100,702,909,1282,2539]
[null,100,296,160,491,654][null,100,702,909,1282,2539]
[null,100,296,160,491,654][null,100,702,909,1282,2539]
[null,100,296,160,491,654][null,100,702,909,1282,2539]
[null,100,296,160,491,654][null,100,702,909,1282,2539]
[null,100,296,160,491,654][null,100,702,909,1282,2539]
[null,100,296,160,491,654][null,100,702,909,1282,2539]
[null,100,296,160,491,654][null,100,702,909,1282,2539]
[null,100,296,160,491,654][null,100,702,909,1282,2539]
[null,100,296,160,491,654][null,100,702,909,1282,2539]
[null,100,296,160,491,654][null,100,702,909,1282,2539]
[null,100,296,160,491,654][null,100,702,909,1282,2539]
[null,100,296,160,491,654][null,100,702,909,1282,2539]
[null,100,267,176,442,654][null,100,702,999,1282,2539]
[null,100,267,176,442,654][null,100,702,999,1282,2539]
[null,100,267,176,442,654][null,100,702,999,1282,2539]
[null,100,267,176,442,654][null,100,702,999,1282,2539]
[null,100,267,176,442,654][null,100,702,999,1282,2539]
[null,100,267,176,442,654][null,100,702,999,1282,2539]
[null,100,267,176,442,654][null,100,702,999,1282,2539]
[null,100,267,176,442,654][null,100,702,999,1282,2539]
[null,100,267,176,442,654][null,100,702,999,1282,2539]
[null,100,267,176,442,654][null,100,702,999,1282,2539]
[null,100,267,176,442,654][null,100,702,999,1282,2539]
[null,100,267,193,442,589][null,100,772,999,1282,2539]
[null,100,267,193,442,589][null,100,772,999,1282,2539]
[null,100,293,212,442,589][null,100,695,999,1282,2539]
[null,100,293,212,442,589][null,100,695,999,1282,2539]
[null,100,293,212,442,589][null,100,695,999,1282,2539]
[null,100,293,212,442,589][null,100,695,999,1282,2539]
[null,100,293,212,442,589][null,100,695,999,1282,2539]
[null,100,293,212,442,589][null,100,695,999,1282,2539]
[null,100,293,212,442,589][null,100,695,999,1282,2539]
[null,100,293,212,442,589][null,100,695,999,1282,2539]
[null,100,293,212,442,589][null,100,695,999,1282,2539]
[null,100,293,212,442,589][null,100,695,999,1282,2539]
[null,100,293,212,442,589][null,100,695,999,1282,2539]
[null,100,293,212,442,589][null,100,695,999,1282,2539]
[null,100,293,212,442,589][null,100,695,999,1282,2539]
[null,100,293,212,442,589][null,100,695,999,1282,2539]
[null,100,293,212,442,589][null,100,695,999,1282,2539]
[null,100,293,212,442,589][null,100,695,999,1282,2539]
[null,100,293,212,442,589][null,100,695,999,1282,2539]
[null,100,293,212,442,589][null,100,695,999,1282,2539]
[null,100,293,212,442,589][null,100,695,999,1282,2539]
[null,100,293,212,442,589][null,100,695,999,1282,2539]
[null,100,293,212,442,589][null,100,695,999,1282,2539]
[null,100,293,212,442,589][null,100,695,999,1282,2539]
[null,100,293,212,442,589][null,100,695,999,1282,2539]
[null,100,293,212,442,589][null,100,695,999,1282,2539]
[null,100,293,212,442,589][null,100,695,999,1282,2539]
[null,100,293,212,442,589][null,100,695,999,1282,2539]
[null,100,293,212,442,589][null,100,695,999,1282,2539]
[null,100,293,212,442,589][null,100,695,999,1282,2539]
[null,100,293,212,442,589][null,100,695,999,1282,2539]
[null,100,293,212,442,589][null,100,695,999,1282,2539]
[null,100,293,212,442,589][null,100,695,999,1282,2539]
[null,100,293,212,442,589][null,100,695,999,1282,2539]
[null,100,293,212,442,589][null,100,695,999,1282,2539]
[null,100,293,212,442,589][null,100,695,999,1282,2539]
[null,100,293,212,442,589][null,100,695,999,1282,2539]
[null,100,293,212,442,589][null,100,695,999,1282,2539]
[null,100,293,212,442,589][null,100,695,999,1282,2539]
[null,100,293,212,442,589][null,100,695,999,1282,2539]
[null,100,293,212,442,589][null,100,695,999,1282,2539]
[null,100,293,212,442,589][null,100,695,999,1282,2539]
[null,100,293,212,442,589][null,100,695,999,1282,2539]
[null,100,293,212,442,589][null,100,695,999,1282,2539]
[null,100,293,212,442,589][null,100,695,999,1282,2539]
[null,100,293,212,442,589][null,100,695,999,1282,2539]
[null,100,293,212,442,589][null,100,695,999,1282,2539]
[null,100,293,212,442,589][null,100,695,999,1282,2539]
[null,100,293,212,442,589][null,100,695,999,1282,2539]
[null,100,293,212,442,589][null,100,695,999,1282,2539]
[null,100,293,212,442,589][null,100,695,999,1282,2539]
[null,100,293,212,442,589][null,100,695,999,1282,2539]
[null,100,293,212,442,589][null,100,695,999,1282,2539]
[null,100,293,212,442,589][null,100,695,999,1282,2539]
[null,100,293,212,442,589][null,100,695,999,1282,2539]
[null,100,293,212,442,589][null,100,695,999,1282,2539]
[null,100,293,212,442,589][null,100,695,999,1282,2539]
[null,100,293,212,442,589][null,100,695,999,1282,2539]
[null,100,293,212,442,589][null,100,695,999,1282,2539]
[null,100,293,212,442,589][null,100,695,999,1282,2539]
[null,100,293,212,442,589][null,100,695,999,1282,2539]
[null,100,293,212,442,589][null,100,695,999,1282,2539]
[null,100,293,212,442,589][null,100,695,999,1282,2539]
[null,100,293,212,442,589][null,100,695,999,1282,2539]
[null,100,293,212,442,589][null,100,695,999,1282,2539]
[null,100,293,212,442,531][null,100,695,999,1282,2539]
[null,100,293,212,442,531][null,100,695,999,1282,2539]
[null,100,293,212,442,531][null,100,695,999,1282,2539]
[null,100,293,212,442,531][null,100,695,999,1282,2539]
[null,100,293,212,442,531][null,100,695,999,1282,2539]
[null,100,293,212,442,531][null,100,695,999,1282,2539]
[null,100,264,212,442,584][null,100,695,900,1282,2539]
[null,100,264,212,442,584][null,100,695,900,1282,2539]
[null,100,264,212,442,584][null,100,695,900,1282,2539]
[null,100,264,212,442,584][null,100,695,900,1282,2539]
[null,100,264,212,442,584][null,100,695,900,1282,2539]
[null,100,264,212,442,584][null,100,695,900,1282,2539]
[null,100,264,233,398,584][null,100,695,900,1282,2539]
[null,100,264,233,398,584][null,100,695,900,1282,2539]
[null,100,264,233,398,584][null,100,695,900,1282,2539]
[null,100,264,233,398,584][null,100,695,900,1282,2539]
[null,100,264,233,398,584][null,100,695,900,1282,2539]
[null,100,264,233,398,584][null,100,695,900,1282,2539]
[null,100,264,233,398,584][null,100,695,900,1282,2539]
[null,100,264,233,398,584][null,100,695,900,1282,2539]
[null,100,264,233,398,584][null,100,695,900,1282,2539]
[null,100,264,233,398,584][null,100,695,900,1282,2539]
[null,100,264,233,398,584][null,100,695,900,1282,2539]
[null,100,264,233,398,584][null,100,695,900,1282,2539]
[null,100,264,233,398,584][null,100,695,900,1282,2539]
[null,100,264,233,398,584][null,100,695,900,1282,2539]
[null,100,264,233,398,584][null,100,695,900,1282,2539]
[null,100,264,233,398,584][null,100,695,900,1282,2539]
[null,100,264,233,398,584][null,100,695,900,1282,2539]
[null,100,264,233,398,584][null,100,695,900,1282,2539]
[null,100,264,233,398,584][null,100,695,900,1282,2539]
[null,100,264,233,398,584][null,100,695,900,1282,2539]
[null,100,264,233,398,584][null,100,695,900,1282,2539]
[null,100,264,233,398,584][null,100,695,900,1282,2539]
[null,100,264,233,398,584][null,100,695,900,1282,2539]
[null,100,264,233,398,584][null,100,695,900,1282,2539]
[null,100,264,233,398,584][null,100,695,900,1282,2539]
[null,100,264,233,398,584][null,100,695,900,1282,2539]
[null,100,264,233,398,584][null,100,695,900,1282,2539]
[null,100,264,233,398,584][null,100,695,900,1282,2539]
[null,100,264,233,398,584][null,100,695,900,1282,2539]
[null,100,264,233,398,584][null,100,695,900,1282,2539]
[null,100,264,233,398,584][null,100,695,900,1282,2539]
[null,100,264,233,398,584][null,100,695,900,1282,2539]
[null,100,264,233,398,584][null,100,695,900,1282,2539]
[null,100,264,233,398,584][null,100,695,900,1282,2539]
[null,100,264,233,398,584][null,100,695,900,1282,2539]
[null,100,264,233,398,584][null,100,695,900,1282,2539]
[null,100,264,233,398,584][null,100,695,900,1282,2539]
[null,100,264,233,398,584][null,100,695,900,1282,2539]
[null,100,264,233,398,584][null,100,695,900,1282,2539]
[null,100,264,233,398,584][null,100,695,900,1282,2539]
[null,100,264,233,398,584][null,100,695,900,1282,2539]
[null,100,264,233,398,584][null,100,695,900,1282,2539]
[null,100,264,233,398,584][null,100,695,900,1282,2539]
[null,100,264,233,398,584][null,100,695,900,1282,2539]
[null,100,290,256,437,642][null,100,626,900,1410,2539]
[null,100,290,256,437,642][null,100,626,900,1410,2539]
[null,100,290,256,437,642][null,100,626,900,1410,2539]
[null,100,290,256,437,642][null,100,626,900,1410,2539]
[null,100,290,256,437,642][null,100,626,900,1410,2539]
[null,100,290,256,437,642][null,100,626,900,1410,2539]
[null,100,290,256,437,642][null,100,626,900,1410,2539]
[null,100,290,256,437,642][null,100,626,900,1410,2539]
[null,100,261,231,394,642][null,100,626,810,1269,2286]
[null,100,261,231,394,642][null,100,626,810,1269,2286]
[null,100,261,231,394,642][null,100,626,810,1269,2286]
[null,100,261,231,394,642][null,100,626,810,1269,2286]
[null,100,261,231,394,642][null,100,626,810,1269,2286]
[null,100,261,231,394,642][null,100,626,810,1269,2286]
[null,100,261,231,394,642][null,100,626,810,1269,2286]
[null,100,261,231,394,642][null,100,626,810,1269,2286]
[null,100,261,231,394,642][null,100,626,810,1269,2286]
[null,100,261,254,355,642][null,100,626,810,1143,2514]
[null,100,261,254,355,642][null,100,626,810,1143,2514]
[null,100,261,254,355,642][null,100,626,810,1143,2514]
[null,100,261,254,355,642][null,100,626,810,1143,2514]
[null,100,261,254,355,642][null,100,626,810,1143,2514]
[null,100,235,254,355,578][null,100,626,891,1257,2263]
[null,100,235,254,355,578][null,100,626,891,1257,2263]
[null,100,235,254,390,521][null,100,688,891,1257,2489]
[null,100,235,254,390,521][null,100,688,891,1257,2489]
[null,100,235,254,390,521][null,100,688,891,1257,2489]
[null,100,235,254,390,521][null,100,688,891,1257,2489]
[null,100,235,254,390,521][null,100,688,891,1257,2489]
[null,100,235,254,390,521][null,100,688,891,1257,2489]
[null,100,235,254,390,521][null,100,688,891,1257,2489]
[null,100,235,254,390,521][null,100,688,891,1257,2489]
[null,100,235,254,390,521][null,100,688,891,1257,2489]
[null,100,235,254,390,521][null,100,688,891,1257,2489]
[null,100,235,254,390,521][null,100,688,891,1257,2489]
[null,100,235,254,390,521][null,100,688,891,1257,2489]
[null,100,235,254,390,521][null,100,688,891,1257,2489]
[null,100,235,254,390,521][null,100,688,891,1257,2489]
[null,100,235,254,390,521][null,100,688,891,1257,2489]
[null,100,235,254,390,521][null,100,688,891,1257,2489]
[null,100,235,254,390,521][null,100,688,891,1257,2489]
[null,100,235,254,390,521][null,100,688,891,1257,2489]
[null,100,235,254,390,521][null,100,688,891,1257,2489]
[null,100,235,254,390,521][null,100,688,891,1257,2489]
[null,100,235,254,390,521][null,100,688,891,1257,2489]
[null,100,235,254,390,521][null,100,688,891,1257,2489]
[null,100,235,254,390,521][null,100,688,891,1257,2489]
[null,100,235,254,390,521][null,100,688,891,1257,2489]
[null,100,235,254,390,521][null,100,688,891,1257,2489]
[null,100,235,254,390,521][null,100,688,891,1257,2489]
[null,100,235,254,390,521][null,100,688,891,1257,2489]
[null,100,235,254,390,521][null,100,688,891,1257,2489]
[null,100,235,254,390,521][null,100,688,891,1257,2489]
[null,100,235,254,390,521][null,100,688,891,1257,2489]
[null,100,235,254,390,521][null,100,688,891,1257,2489]
[null,100,235,254,390,521][null,100,688,891,1257,2489]
[null,100,235,254,390,521][null,100,688,891,1257,2489]
[null,100,235,254,390,521][null,100,688,891,1257,2489]
[null,100,235,254,390,521][null,100,688,891,1257,2489]
[null,100,235,254,390,521][null,100,688,891,1257,2489]
[null,100,235,254,390,521][null,100,688,891,1257,2489]
[null,100,235,254,390,521][null,100,688,891,1257,2489]
[null,100,235,254,390,521][null,100,688,891,1257,2489]
[null,100,235,254,390,521][null,100,688,891,1257,2489]
[null,100,235,254,390,521][null,100,688,891,1257,2489]
[null,100,235,254,390,521][null,100,688,891,1257,2489]
[null,100,235,254,390,521][null,100,688,891,1257,2489]
[null,100,235,254,390,521][null,100,688,891,1257,2489]
[null,100,235,254,390,521][null,100,688,891,1257,2489]
[null,100,235,254,390,521][null,100,688,891,1257,2489]
[null,100,235,254,390,521][null,100,688,891,1257,2489]
[null,100,235,254,390,521][null,100,688,891,1257,2489]
[null,100,235,254,390,521][null,100,688,891,1257,2489]
[null,100,235,254,390,521][null,100,688,891,1257,2489]
[null,100,235,254,390,521][null,100,688,891,1257,2489]
[null,100,235,254,390,521][null,100,688,891,1257,2489]
[null,100,235,254,390,521][null,100,688,891,1257,2489]
[null,100,235,254,390,521][null,100,688,891,1257,2489]
[null,100,235,254,390,521][null,100,688,891,1257,2489]
[null,100,235,254,390,521][null,100,688,891,1257,2489]
[null,100,235,254,390,521][null,100,688,891,1257,2489]
[null,100,235,254,390,521][null,100,688,891,1257,2489]
[null,100,235,254,390,521][null,100,688,891,1257,2489]
[null,100,235,254,390,521][null,100,688,891,1257,2489]
[null,100,235,254,390,521][null,100,688,891,1257,2489]
[null,100,235,254,390,521][null,100,688,891,1257,2489]
[null,100,235,254,390,521][null,100,688,891,1257,2489]
[null,100,235,254,390,521][null,100,688,891,1257,2489]
[null,100,235,254,390,521][null,100,688,891,1257,2489]
[null,100,235,254,390,521][null,100,688,891,1257,2489]
[null,100,235,254,390,521][null,100,688,891,1257,2489]
[null,100,235,254,390,521][null,100,688,891,1257,2489]
[null,100,235,254,390,521][null,100,688,891,1257,2489]
[null,100,235,254,390,521][null,100,688,891,1257,2489]
[null,100,235,254,390,521][null,100,688,891,1257,2489]
[null,100,235,254,390,521][null,100,688,891,1257,2489]
[null,100,235,254,390,521][null,100,688,891,1257,2489]
[null,100,235,254,390,521][null,100,688,891,1257,2489]
[null,100,235,254,390,521][null,100,688,891,1257,2489]
[null,100,235,254,390,521][null,100,688,891,1257,2489]
[null,100,235,254,351,521][null,100,620,802,1257,2489]
[null,100,235,254,351,521][null,100,620,802,1257,2489]
[null,100,235,254,351,521][null,100,620,802,1257,2489]
[null,100,235,254,351,521][null,100,620,802,1257,2489]
[null,100,235,254,351,521][null,100,620,802,1257,2489]
[null,100,235,254,351,521][null,100,620,802,1257,2489]
[null,100,235,254,351,469][null,100,682,802,1257,2489]
[null,100,235,254,351,469][null,100,682,802,1257,2489]
[null,100,235,254,351,469][null,100,682,802,1257,2489]
[null,100,235,254,351,469][null,100,682,802,1257,2489]
[null,100,235,254,351,469][null,100,682,802,1257,2489]
[null,100,235,254,351,469][null,100,682,802,1257,2489]
[null,100,258,254,316,469][null,100,682,882,1257,2489]
[null,100,258,254,316,469][null,100,682,882,1257,2489]
[null,100,258,254,316,469][null,100,682,882,1257,2489]
[null,100,258,229,316,469][null,100,614,882,1257,2489]
[null,100,258,229,316,469][null,100,614,882,1257,2489]
[null,100,258,229,316,469][null,100,614,882,1257,2489]
[null,100,258,229,316,469][null,100,614,882,1257,2489]
[null,100,258,229,316,469][null,100,614,882,1257,2489]
[null,100,258,229,316,469][null,100,614,882,1257,2489]
[null,100,258,229,316,469][null,100,614,882,1257,2489]
[null,100,258,229,316,469][null,100,614,882,1257,2489]
[null,100,258,229,316,469][null,100,614,882,1257,2489]
[null,100,258,229,316,469][null,100,614,882,1257,2489]
[null,100,258,229,316,469][null,100,614,882,1257,2489]
[null,100,258,229,316,469][null,100,614,882,1257,2489]
[null,100,258,229,316,469][null,100,614,882,1257,2489]
[null,100,258,229,316,469][null,100,614,882,1257,2489]
[null,100,258,229,316,469][null,100,614,882,1257,2489]
[null,100,258,229,316,469][null,100,614,882,1257,2489]
[null,100,258,229,316,469][null,100,614,882,1257,2489]
[null,100,258,229,316,469][null,100,614,882,1257,2489]
[null,100,258,229,316,469][null,100,614,882,1257,2489]
[null,100,258,229,316,469][null,100,614,882,1257,2489]
[null,100,258,229,316,469][null,100,614,882,1257,2489]
[null,100,258,229,316,469][null,100,614,882,1257,2489]
[null,100,258,229,316,469][null,100,614,882,1257,2489]
[null,100,258,229,316,469][null,100,614,882,1257,2489]
[null,100,258,229,316,469][null,100,614,882,1257,2489]
[null,100,258,229,316,469][null,100,614,882,1257,2489]
[null,100,258,251,347,469][null,100,675,882,1257,2489]
[null,100,258,251,347,469][null,100,675,882,1257,2489]
[null,100,233,251,381,515][null,100,675,970,1257,2489]
[null,100,233,251,381,515][null,100,675,970,1257,2489]
[null,100,233,251,381,515][null,100,675,970,1257,2489]
[null,100,233,251,381,515][null,100,675,970,1257,2489]
[null,100,233,251,381,515][null,100,675,970,1257,2489]
[null,100,233,251,381,515][null,100,675,970,1257,2489]
[null,100,233,251,381,515][null,100,675,970,1257,2489]
[null,100,233,251,381,515][null,100,675,970,1257,2489]
[null,100,233,251,381,515][null,100,675,970,1257,2489]
[null,100,233,251,381,515][null,100,675,970,1257,2489]
[null,100,233,251,381,515][null,100,675,970,1257,2489]
[null,100,233,251,381,515][null,100,675,970,1257,2489]
